50 50
9 0 0 1 5 7 5 0 5 4 0 1 4 8 4 5 8 5 6 5 4 4 0 9 4 4 5 0 8 1 1 0 3 2 3 9 1 2 5 9 5 5 1 0 7 4 4 4 0 0
9 7 8 7 1 7 0 2 5 4 3 9 9 1 3 8 6 7 4 7 9 2 5 6 3 8 9 2 0 7 7 9 7 3 2 9 6 6 7 0 5 9 8 1 9 8 3 8 5 0
6 5 9 1 2 2 7 1 6 0 2 7 0 0 4 2 6 0 6 4 4 8 8 2 3 7 8 6 1 3 2 1 1 4 5 5 0 5 1 3 2 9 8 3 3 6 9 5 9 1
6 7 6 1 1 4 7 1 1 9 3 0 1 5 1 8 8 4 1 9 8 8 6 1 0 0 3 4 9 2 9 2 1 5 3 3 1 9 3 8 3 4 9 2 2 1 7 0 5 6
8 6 3 1 5 4 2 8 6 8 1 7 8 5 2 3 4 2 1 4 2 3 0 6 4 9 4 9 2 8 5 5 9 2 2 5 6 5 4 4 0 0 2 3 7 5 0 8 2 7
6 3 8 2 1 1 1 0 6 8 2 9 1 1 3 1 7 7 8 9 9 0 0 1 8 7 1 5 9 7 8 2 8 3 4 0 4 3 9 0 9 7 0 4 9 3 0 2 8 5
0 1 0 2 5 7 2 6 0 2 3 8 2 2 6 8 0 2 8 7 5 9 9 2 5 8 8 6 5 5 8 7 6 9 6 3 1 9 1 7 6 1 2 4 0 9 6 5 5 1
8 9 7 6 5 8 0 6 6 9 9 7 2 1 6 1 3 8 4 9 7 9 1 3 0 6 7 4 6 2 3 5 6 2 9 1 5 3 6 6 0 0 6 9 6 2 6 8 5 3
3 1 2 1 0 9 5 8 8 1 3 3 0 2 0 6 2 5 6 4 4 2 9 2 5 7 7 5 4 2 6 3 3 3 5 1 3 0 5 2 8 9 0 8 2 5 9 0 9 0
2 4 6 3 8 4 7 5 9 3 3 4 3 8 8 3 9 5 2 3 3 0 6 8 3 1 7 0 5 2 2 5 9 8 6 0 6 7 2 5 3 4 0 3 8 4 3 6 9 1
8 1 7 6 7 8 0 0 8 8 8 6 8 9 2 2 2 3 1 8 4 0 2 3 6 2 8 2 7 0 4 7 6 3 2 6 9 0 7 2 7 8 3 5 5 3 8 4 6 8
4 8 2 0 3 8 0 9 6 2 4 2 0 5 1 2 8 5 1 7 3 4 2 7 4 9 6 0 8 8 3 9 2 9 3 6 5 9 8 0 2 7 6 9 7 1 7 1 5 6
1 8 6 9 1 6 5 5 4 8 2 6 8 2 2 5 7 3 0 8 6 8 5 7 8 6 5 4 7 7 5 6 2 8 2 6 3 8 4 4 0 7 4 6 4 1 0 8 3 3
0 9 8 9 5 1 3 0 8 5 6 4 6 2 4 1 9 6 7 2 1 1 1 7 0 5 4 9 4 2 8 4 5 6 1 2 0 7 9 0 8 4 0 1 0 1 2 7 0 2
8 2 7 3 7 0 8 1 4 1 8 2 9 6 7 4 3 2 7 9 2 7 9 4 3 4 3 8 5 9 8 2 6 8 9 5 5 1 3 3 0 7 8 4 6 0 3 5 5 9
9 1 2 8 7 1 0 2 9 9 8 1 7 5 1 5 2 0 7 1 1 3 0 6 6 8 2 9 7 5 9 3 7 3 3 4 1 1 1 5 6 2 2 7 0 5 4 1 8 0
1 4 3 1 4 3 0 3 0 6 0 5 2 7 5 2 2 4 0 3 4 9 8 3 6 1 7 1 0 8 6 0 1 1 7 5 8 9 2 3 2 5 3 2 2 0 1 5 0 8
3 5 1 1 7 3 0 7 9 0 4 8 9 7 7 8 5 7 1 9 3 0 2 5 2 2 4 2 5 5 2 7 3 0 0 9 4 2 9 9 7 4 9 7 8 7 9 2 2 7
5 7 6 9 9 7 0 6 1 0 9 2 1 6 5 1 8 3 3 6 1 2 3 2 0 1 1 2 5 9 5 8 0 4 4 6 8 4 2 6 3 1 0 7 9 5 8 5 2 7
4 8 2 3 7 4 8 4 5 1 1 8 9 5 0 3 3 9 0 8 9 4 1 8 9 7 9 2 2 9 7 5 8 3 6 0 9 3 1 1 5 1 4 1 1 7 6 7 0 4
7 3 0 6 0 5 8 4 4 3 3 7 0 1 9 5 6 7 0 7 4 3 0 2 3 0 6 1 6 2 1 9 4 2 7 9 0 8 6 4 7 2 5 3 0 9 0 3 1 0
4 7 2 0 4 6 9 3 9 4 1 7 9 3 2 9 8 0 3 3 4 7 2 2 7 0 5 8 7 3 5 4 0 3 1 5 9 7 2 6 6 9 7 1 7 3 9 0 7 4
2 3 1 6 2 8 1 3 3 8 5 3 0 9 5 6 3 9 0 3 5 2 6 9 4 7 0 1 0 1 4 6 8 0 1 1 3 8 8 3 4 7 3 2 9 3 4 3 4 9
6 5 0 5 3 7 8 8 8 8 5 4 9 8 3 2 5 6 3 5 1 4 5 0 5 3 0 2 7 7 4 3 2 2 9 5 1 4 6 0 1 5 8 7 9 9 7 0 4 0
9 9 7 5 5 1 6 7 6 4 0 3 8 1 8 6 9 1 6 4 3 2 9 5 8 8 3 7 9 9 4 7 1 3 2 4 8 6 2 2 8 0 6 9 2 1 8 8 5 1
4 4 3 3 7 7 9 2 9 1 6 5 2 1 1 4 6 7 3 3 1 8 2 6 2 3 7 2 5 3 5 5 1 0 3 4 6 9 5 2 9 9 2 3 1 3 6 7 5 4
8 5 1 9 6 4 7 7 6 9 5 8 2 6 9 7 3 9 0 8 9 1 3 2 3 8 6 7 8 7 7 8 6 3 7 7 8 5 7 8 1 1 0 7 5 4 8 1 9 7
5 1 9 4 8 3 3 3 7 8 9 9 2 3 2 3 0 3 2 6 2 1 6 8 3 9 3 1 8 3 6 0 4 8 8 0 5 7 3 8 0 0 2 3 1 9 5 2 8 6
4 3 5 3 7 0 5 6 1 5 2 6 7 5 2 6 5 1 7 5 1 1 8 9 6 9 4 2 8 5 5 6 5 9 3 3 6 2 0 9 2 4 5 9 0 5 1 3 0 3
7 0 5 2 7 3 2 9 6 0 1 0 8 4 9 7 6 8 1 2 7 9 0 9 0 2 3 4 2 9 5 9 7 2 8 8 5 2 0 5 7 6 3 2 0 2 0 4 6 9
0 1 1 7 6 4 3 8 1 2 2 8 9 7 1 7 3 2 6 3 3 7 9 0 3 9 6 6 4 6 9 2 2 3 4 9 2 6 2 6 7 3 8 1 9 3 9 6 8 5
4 3 6 0 1 5 1 3 1 3 2 4 4 6 1 8 3 5 3 9 0 8 2 5 6 1 9 3 5 0 5 6 3 8 0 6 7 1 3 3 1 2 9 2 6 1 1 7 1 0
2 1 7 9 5 4 7 8 4 8 0 1 3 4 2 4 0 9 8 6 5 6 5 2 4 1 4 0 3 4 5 9 6 0 1 1 3 1 5 9 2 8 0 8 4 7 1 3 1 0
7 7 3 5 9 4 0 2 7 5 2 0 7 7 1 3 1 9 2 7 3 1 2 7 4 4 8 4 4 1 6 6 6 5 9 2 9 2 1 8 4 6 0 8 5 8 5 7 9 0
4 3 9 2 3 5 4 5 8 0 0 3 1 7 1 9 4 1 8 6 4 1 9 6 1 2 2 2 7 6 9 1 2 3 6 0 1 4 7 1 2 5 2 6 6 0 0 7 0 3
4 4 9 8 3 7 9 6 4 8 3 4 6 1 3 9 4 5 8 2 1 2 9 5 6 9 2 3 3 4 7 5 3 6 1 9 6 6 6 1 1 8 5 9 5 3 3 5 4 5
3 9 3 7 3 7 9 3 4 5 9 0 0 8 8 4 2 9 7 8 3 0 0 4 1 6 3 8 5 3 0 7 0 7 4 1 8 7 8 1 6 7 8 5 7 4 8 0 2 7
0 2 5 4 9 7 3 9 2 6 3 7 9 7 5 4 0 9 1 7 9 0 6 4 4 2 7 4 1 6 5 9 6 0 9 4 9 0 5 5 5 3 9 2 0 9 0 1 8 4
6 5 9 6 7 4 6 5 3 0 8 3 2 3 8 3 7 2 9 5 1 4 9 9 3 2 6 5 3 2 2 8 7 9 3 1 8 4 1 7 9 8 9 0 9 3 3 8 4 1
0 5 0 8 9 2 9 8 7 5 7 5 0 1 6 0 7 8 5 3 8 8 9 4 4 5 7 5 1 1 9 3 5 7 4 1 4 3 7 7 4 0 8 2 1 5 0 5 7 9
0 6 7 5 2 9 2 4 8 4 0 7 9 2 6 1 9 2 2 1 0 7 2 9 6 5 5 0 8 7 3 1 2 9 4 9 0 3 4 7 7 3 9 3 2 0 7 5 5 1
7 1 6 5 3 3 2 7 5 7 9 9 2 3 2 3 9 4 6 3 0 2 9 4 0 5 5 9 5 1 7 2 7 9 2 8 8 7 1 0 7 4 6 1 7 3 3 7 8 0
4 7 0 0 6 9 6 1 7 9 5 4 3 8 8 3 4 4 1 6 7 4 8 3 4 1 3 8 7 0 1 8 9 5 8 6 6 0 3 7 8 8 9 1 5 4 8 3 5 7
3 7 9 7 6 3 2 8 4 4 8 3 8 3 9 6 7 9 7 8 5 1 1 8 6 4 5 8 8 6 0 9 1 4 0 7 0 2 2 6 2 2 5 7 1 0 1 5 6 1
5 9 3 1 9 2 6 2 9 2 8 9 3 1 6 5 8 6 9 8 2 7 5 9 6 0 0 3 0 6 5 2 3 9 7 6 5 3 3 2 1 3 7 0 7 1 7 7 5 1
0 1 1 4 7 6 4 5 0 4 6 0 9 7 8 3 9 3 3 4 6 0 0 8 9 4 7 1 0 0 7 7 0 9 9 1 8 5 3 6 7 2 4 7 2 7 1 7 3 3
7 8 8 3 8 6 3 5 4 2 6 9 3 5 8 8 3 2 8 6 9 3 5 3 7 0 1 7 4 5 9 2 6 1 0 2 7 5 7 9 0 3 8 7 0 1 8 6 3 3
2 8 2 1 1 4 3 5 1 6 6 8 9 8 4 2 7 2 9 8 7 1 0 8 8 8 6 7 5 8 7 0 0 4 0 6 8 7 6 1 7 5 0 8 5 2 3 9 2 7
6 3 1 7 0 3 7 8 9 0 1 2 8 6 7 3 8 9 3 3 7 3 6 9 0 4 7 1 3 1 6 2 4 3 6 0 6 2 3 9 1 7 6 1 4 1 8 3 3 8
7 9 9 2 5 2 9 1 6 8 5 5 3 7 0 6 0 0 0 2 6 7 4 1 7 2 5 6 3 0 6 9 7 5 5 3 2 2 9 1 8 1 7 2 6 5 7 6 8 1

50 50
6 8 0 2 8 2 0 5 2 8 5 6 1 3 3 1 5 2 4 1 3 5 4 8 0 4 0 8 1 3 8 9 5 8 6 2 2 0 0 7 9 9 0 1 3 9 7 5 6 7
6 0 7 5 8 8 2 6 8 2 5 9 4 1 6 5 3 6 0 5 0 6 6 5 2 0 6 7 6 9 5 2 6 7 5 0 6 1 1 9 1 6 4 2 4 4 4 6 4 6
9 1 9 9 1 0 6 3 9 2 0 4 7 3 2 7 3 6 2 0 5 2 6 1 9 5 0 1 7 5 3 6 4 6 7 5 5 4 6 1 8 1 0 2 7 0 0 0 9 5
6 6 7 7 9 0 3 3 6 5 0 7 4 8 4 5 9 4 7 4 9 0 7 3 4 4 6 6 3 9 8 0 5 7 9 4 7 4 0 2 5 0 5 1 9 9 1 8 2 6
8 8 9 1 7 6 3 7 5 5 7 2 4 6 4 3 8 4 1 7 9 9 5 8 0 0 5 6 1 3 5 7 3 8 4 0 1 1 1 0 6 4 9 5 4 8 1 0 5 9
7 7 9 4 3 0 8 4 8 1 6 9 0 5 1 8 2 8 3 9 1 3 5 3 8 8 2 1 1 4 7 6 2 5 4 5 5 2 0 9 8 1 0 0 7 4 7 4 2 6
0 6 1 0 2 9 9 1 6 1 1 9 9 4 8 6 7 0 6 4 8 4 7 0 8 2 9 8 6 0 3 9 4 6 0 6 1 2 1 9 9 3 1 9 5 0 7 1 0 4
6 0 4 6 6 1 9 7 9 1 5 4 0 0 2 0 1 4 7 8 7 2 8 2 6 1 0 0 9 9 0 8 0 5 1 6 4 4 3 9 8 2 9 9 6 5 3 4 4 8
6 2 3 3 9 7 7 9 2 5 7 5 4 5 3 9 9 6 3 7 9 8 1 8 4 0 0 6 8 3 7 3 5 8 3 1 7 9 1 8 2 3 9 0 9 3 9 5 6 6
9 5 8 4 3 6 1 3 8 3 4 6 5 3 7 1 0 6 1 5 2 4 7 1 4 0 4 4 8 0 0 4 5 3 4 8 0 2 0 9 0 2 5 6 5 5 2 4 4 9
6 6 7 3 2 5 7 8 3 3 4 1 4 6 5 8 4 3 1 1 8 8 6 0 0 1 9 9 3 2 9 6 6 4 7 8 2 9 9 8 9 2 4 6 3 0 5 3 8 6
5 7 4 0 5 2 7 3 8 3 0 3 7 9 3 7 6 6 6 0 7 1 4 6 1 6 9 3 4 4 1 5 9 1 6 1 1 5 8 7 8 1 2 0 8 3 1 2 9 3
0 3 8 7 3 3 9 9 1 4 0 0 1 5 6 8 5 7 9 1 1 0 4 2 9 9 2 4 0 7 1 1 7 2 0 0 5 2 2 3 1 4 5 7 4 6 4 4 9 3
8 1 6 2 4 4 9 6 8 4 4 8 0 1 7 3 4 2 0 5 1 7 7 9 9 3 5 6 0 0 9 2 3 6 4 4 2 8 8 2 0 1 6 0 7 7 8 7 0 3
1 0 8 4 2 9 7 9 5 8 4 5 9 5 5 8 6 1 7 3 5 2 7 4 6 9 8 5 7 5 3 8 5 6 3 6 6 0 4 8 1 4 9 5 5 3 0 6 3 5
2 5 3 7 7 2 4 5 3 8 2 5 5 1 1 6 3 8 7 9 7 2 5 0 0 7 6 2 9 3 5 1 6 7 8 5 9 8 3 4 6 1 7 9 4 7 9 7 6 6
6 8 5 9 9 2 8 8 3 1 3 1 1 6 9 1 3 4 4 6 9 7 5 5 0 6 4 8 0 7 0 6 9 1 3 1 2 0 9 0 7 3 0 8 1 4 2 0 4 7
8 7 9 3 1 0 7 3 2 3 8 6 8 5 6 1 8 0 4 3 3 0 5 1 8 9 8 3 4 9 0 5 1 1 3 8 9 4 1 9 9 7 2 2 3 7 5 4 7 4
1 8 8 5 6 8 3 9 2 5 1 2 0 7 7 6 1 5 9 0 9 2 1 9 4 0 0 1 4 6 6 2 1 7 0 6 5 5 4 7 1 1 9 1 9 9 2 6 4 8
8 7 9 1 3 4 7 7 7 9 6 8 7 1 6 0 6 2 8 2 0 6 1 3 9 1 2 5 8 5 4 1 6 6 7 6 2 6 6 4 0 2 6 5 9 8 2 8 1 0
2 9 3 8 3 0 7 9 2 1 6 0 0 0 6 4 3 6 7 6 6 7 2 4 9 8 7 6 9 3 0 6 5 2 6 8 1 7 6 2 9 6 4 7 8 7 1 7 8 5
3 6 0 2 7 5 8 6 9 1 1 6 7 2 5 0 3 2 9 2 2 6 6 5 8 1 0 9 1 4 3 6 8 4 9 8 4 4 8 5 2 8 3 1 5 0 8 7 1 8
3 2 6 6 5 8 9 8 9 3 6 0 9 3 4 4 0 4 8 5 7 8 0 4 0 9 1 1 6 0 2 0 3 7 3 6 4 4 5 2 6 3 8 5 1 6 7 4 2 3
5 3 7 0 3 8 4 5 8 9 0 5 3 7 4 9 8 1 7 3 4 1 9 7 4 7 8 3 7 8 5 9 0 4 3 6 0 8 3 6 4 6 0 8 8 4 8 0 1 9
8 0 5 0 1 1 2 9 0 9 1 9 2 4 7 9 1 2 0 0 0 8 3 6 8 5 3 1 1 0 4 6 3 3 0 0 9 9 7 7 7 4 8 6 2 3 5 9 9 5
9 3 3 5 0 2 8 8 4 5 8 9 1 2 5 8 4 9 0 2 9 3 4 0 1 2 3 2 5 8 8 7 1 9 9 8 1 8 0 4 8 0 3 8 6 4 5 7 1 9
0 2 4 3 1 0 2 2 7 1 8 1 2 5 3 8 7 3 0 0 9 1 3 5 9 2 4 2 5 0 7 1 0 5 6 9 5 5 8 3 0 1 4 6 6 6 3 6 7 0
5 5 4 8 9 2 3 2 9 5 5 8 3 7 9 1 3 9 8 2 1 3 5 4 3 7 9 0 7 6 5 0 5 0 5 1 1 0 0 8 0 3 2 3 7 9 7 7 7 9
2 9 6 2 8 3 0 8 7 1 9 0 7 8 8 3 7 5 9 5 6 6 1 2 9 3 7 6 8 7 6 1 1 5 1 9 3 1 8 6 3 8 9 1 5 7 7 3 6 5
8 7 2 2 8 3 0 5 0 6 4 5 9 8 5 8 4 4 0 3 7 4 4 4 7 5 5 0 8 0 4 9 5 2 8 7 6 5 2 9 5 6 5 3 0 7 2 6 8 8
3 3 1 0 1 0 9 8 5 6 0 3 5 2 7 7 2 4 4 5 1 8 8 2 6 3 3 4 0 0 1 2 3 8 2 8 1 1 7 9 5 6 5 1 9 1 4 1 7 0
8 4 7 0 9 4 5 6 0 1 0 6 3 7 6 8 7 5 3 2 9 5 9 2 2 1 1 2 7 1 6 3 5 5 9 9 8 8 9 9 4 8 6 2 4 2 1 9 3 7
7 5 0 3 8 0 3 2 4 7 5 5 0 4 0 7 8 6 2 0 6 7 8 2 0 8 8 3 1 5 6 9 5 5 9 4 7 2 7 9 9 7 6 0 5 5 7 8 1 3
6 6 7 3 8 1 2 1 6 1 6 7 1 0 7 3 8 3 6 9 2 8 4 2 9 6 0 8 5 8 9 4 3 0 6 9 8 8 2 2 0 0 3 9 3 4 1 2 0 3
2 3 0 8 1 6 3 9 8 1 1 7 8 4 5 7 7 5 4 9 3 6 1 1 7 9 0 8 1 1 5 8 4 1 6 8 9 6 8 0 9 2 2 3 3 7 9 3 6 4
5 2 0 7 7 0 4 8 4 4 8 2 4 0 7 7 5 5 2 9 9 5 3 4 1 3 1 5 2 3 3 8 3 9 8 0 3 9 5 3 4 5 5 5 1 6 9 4 0 2
8 6 9 3 7 2 9 6 0 1 3 2 5 4 7 9 9 1 0 5 4 2 1 9 9 7 1 5 6 6 7 2 3 1 1 3 1 1 7 9 1 4 5 5 4 8 8 3 9 3
1 3 3 0 6 2 3 2 0 9 4 3 5 4 8 2 9 1 2 0 9 4 1 6 1 9 9 2 9 5 0 4 1 0 7 1 1 4 5 8 7 3 1 6 6 1 7 4 8 2
2 7 5 8 9 9 2 2 4 0 2 4 3 3 5 4 1 6 7 7 0 7 9 7 6 0 9 6 0 0 5 0 3 0 9 3 9 4 2 1 6 9 3 4 1 0 5 9 9 7
2 7 9 9 5 8 3 4 8 7 9 6 6 0 1 0 6 5 6 2 2 9 9 8 1 5 4 9 5 6 7 8 6 0 8 8 2 2 0 6 8 6 0 9 4 1 8 8 7 1
9 0 6 5 6 5 0 1 9 9 6 0 8 0 3 2 0 0 8 8 8 2 5 8 5 5 7 5 1 3 5 0 8 3 7 1 4 2 5 7 4 8 3 9 5 0 3 0 5 1
4 5 5 1 1 2 6 5 6 0 4 0 8 6 1 5 0 9 4 3 9 7 1 3 5 7 2 5 2 5 5 5 2 8 3 9 2 7 3 1 4 1 8 9 8 6 2 8 5 1
3 3 8 6 4 1 4 8 0 0 6 3 8 0 8 4 5 3 2 8 4 6 6 2 7 2 6 8 7 9 9 5 3 2 8 2 8 3 9 8 7 5 6 9 6 4 5 6 2 3
5 3 9 1 6 7 5 8 8 3 8 1 1 6 7 8 8 9 6 2 2 2 5 1 3 0 1 2 8 4 8 0 1 3 6 8 4 3 6 3 2 4 2 4 2 3 0 3 2 2
5 7 2 8 2 6 2 0 1 3 4 5 8 1 2 9 4 6 5 2 0 6 5 0 2 3 1 6 6 6 7 6 5 7 4 3 3 9 4 2 7 0 8 5 8 6 7 9 6 6
2 3 1 2 0 7 9 1 5 1 3 4 7 1 6 4 5 7 6 3 8 1 6 3 8 8 3 2 0 2 5 6 3 6 7 1 2 6 5 1 2 7 9 1 9 9 9 3 9 5
8 1 9 5 5 8 3 8 1 9 9 0 1 7 6 1 2 5 6 2 3 7 0 6 1 7 9 2 1 3 5 6 2 7 7 9 6 3 6 4 1 2 5 5 4 1 2 2 2 0
6 4 6 8 1 5 9 8 4 4 0 7 4 8 2 9 1 1 1 8 1 8 9 5 7 9 8 4 3 1 0 3 9 9 6 8 6 3 1 2 1 2 2 6 2 8 4 7 1 0
8 7 6 0 2 7 9 9 0 1 7 6 2 3 8 3 0 1 5 0 7 8 1 2 7 5 7 3 0 7 5 4 0 6 0 8 7 7 5 8 0 0 1 0 5 1 7 1 6 2
9 0 3 0 4 1 7 4 0 9 7 9 8 1 6 7 2 0 5 1 5 8 3 1 2 7 0 0 9 6 5 6 8 4 5 2 3 8 9 3 3 4 6 3 5 5 3 8 8 6


50 50
881 925 930 777 865 760 870 1018 895 808 852 816 758 685 889 884 855 770 862 788 890 913 874 856 881 849 786 915 694 757 888 936 730 914 904 893 700 833 727 882 873 749 807 876 955 935 1009 895 803 863
1378 1224 1341 1126 1218 867 1396 1450 1129 1018 1044 1135 1153 1029 1269 1493 1181 1231 1110 1027 1385 1185 1254 1012 1276 1309 1133 1092 1140 1145 1191 1186 1109 1315 1474 1272 1172 1270 1156 1383 1284 1004 1179 1178 1427 1331 1228 1354 1356 1193
959 861 972 810 868 830 1080 1160 971 727 889 856 939 781 1030 983 815 890 903 694 1107 1021 794 789 934 934 834 863 853 840 929 965 784 1019 1049 1038 833 918 920 976 897 648 837 906 1064 866 938 905 920 852
994 977 1075 823 1000 763 1026 1136 1008 809 973 908 990 640 1152 786 848 832 979 843 927 1133 909 736 998 916 912 999 1002 869 887 888 858 893 1076 1116 790 823 980 1106 943 817 832 972 1055 867 998 949 962 874
1193 934 1006 834 1060 747 1110 1143 969 919 877 1103 849 828 1059 1163 992 971 829 782 974 1007 1110 840 956 966 879 825 998 920 951 1050 927 988 1109 934 808 934 844 1217 966 828 944 899 1100 1096 1064 1105 1078 1115
1234 1100 1083 816 1000 770 1017 1169 948 893 912 963 990 864 1134 1115 880 967 985 724 1046 1079 925 824 1096 967 952 885 961 917 945 933 913 953 1049 1075 892 989 994 1177 1038 845 987 844 1188 1024 908 1066 1236 1032
1068 1005 1140 823 1044 869 1193 1271 1163 963 994 1011 979 859 1145 1097 1004 996 1115 866 1191 1085 1021 876 1090 1118 984 854 1004 889 1022 991 868 1031 1239 1276 969 1036 1054 1234 996 823 1067 1010 1196 1047 1071 1095 1043 982
1327 1187 1387 1037 1161 979 1262 1434 1240 906 1116 1170 1048 1001 1215 1230 1176 1094 1066 927 1095 1197 1200 915 1192 1026 1059 1139 1154 1116 1178 1139 1025 1128 1364 1368 1071 1031 1086 1360 1157 931 1023 969 1291 1157 1101 1229 1190 1193
1016 843 1013 728 868 791 1069 1126 998 722 951 806 783 756 943 976 745 937 959 784 1039 937 777 739 965 884 780 710 809 763 958 797 630 974 910 1125 875 932 843 1062 897 661 909 858 1044 860 958 886 932 834
1155 998 1213 835 1038 945 1208 1211 1060 855 953 999 956 905 1087 1187 1129 865 934 874 1176 1136 1052 908 1088 1105 994 1000 977 956 1033 1069 854 1041 1013 1139 957 1009 996 1144 1015 748 1005 990 1155 1018 1074 963 1036 987
1381 1050 1363 859 1105 837 1206 1328 1062 960 1072 992 961 956 1161 1282 1063 1023 969 882 1132 1196 1048 976 1176 1041 966 1021 933 920 1224 972 969 1159 1194 1147 980 1114 1125 1190 983 863 1116 953 1253 1128 1066 1146 1207 1004
1306 1009 1233 800 1180 831 1138 1321 1004 848 1138 1038 920 867 1228 1181 1071 1005 922 951 1145 1185 1014 869 1097 936 897 956 1118 1067 1155 1064 792 1045 1216 1224 1007 1155 1096 1233 1041 868 1034 1062 1122 1011 1048 1124 1042 1101
1230 1089 1278 946 1161 821 1257 1348 1189 902 940 1151 1059 961 1254 1262 1096 1069 1058 953 1132 1153 1157 851 1238 1094 999 1028 1178 1072 1019 1036 1009 1075 1239 1242 1007 1116 1014 1253 1066 853 1023 1144 1221 1113 1069 1216 1110 1127
1015 845 1086 833 1022 752 944 1012 987 808 714 853 811 888 1025 1008 896 849 869 760 1020 892 1009 805 873 852 990 843 821 886 837 733 847 883 1008 893 819 780 751 1022 820 733 801 835 1041 851 790 857 953 963
1227 1127 1239 953 1149 965 1307 1472 1122 1015 1011 1128 1196 962 1302 1315 1120 1004 1137 911 1161 1314 1086 894 1215 1142 951 1126 1090 1022 1217 1154 1042 1186 1209 1274 1037 1114 1144 1236 1090 883 1162 1094 1225 1220 1167 1202 1149 1131
1107 925 1032 742 1034 791 931 1215 952 934 883 892 727 852 1065 1025 917 960 898 722 1051 986 969 819 867 798 864 862 789 839 1068 876 775 1011 1015 1003 806 894 801 1150 844 778 946 804 1081 981 998 918 989 1037
876 661 839 617 743 582 915 969 832 714 694 773 880 617 874 888 730 620 639 673 775 859 744 733 884 883 665 687 791 610 664 792 715 719 869 845 669 761 852 876 753 640 769 766 811 816 814 859 873 731
1225 989 1328 958 1188 972 1218 1350 1017 1024 1145 950 1074 855 1157 1195 1110 1042 1102 966 1154 1132 1131 986 1045 1036 1048 1010 1074 1048 1137 1040 994 1086 1260 1031 1030 1107 1088 1215 1045 973 1192 1100 1196 1101 1111 1187 1193 1025
1232 969 1219 860 1103 833 1085 1202 968 867 942 941 943 872 1082 1090 1010 875 882 849 1046 1068 1020 849 922 930 826 927 931 932 1063 986 896 1028 1137 1052 853 918 977 1058 957 778 969 859 1030 1036 905 978 1021 1005
1232 988 1148 782 1001 775 1244 1272 1009 965 911 1095 981 916 1162 1262 1148 899 900 866 1087 1045 1078 936 1254 1135 1049 940 980 925 992 1097 957 1025 1146 1094 961 1017 1032 1270 1087 933 1011 1017 1199 1148 1072 1079 1159 1019
865 866 895 716 944 716 931 984 925 737 800 878 932 726 980 913 988 747 891 817 1060 826 954 725 929 894 916 902 847 751 832 912 807 827 1082 909 862 826 877 1068 972 844 815 842 956 870 933 926 894 833
1113 1039 1187 878 1170 898 1191 1291 996 900 1003 964 1049 873 1237 1131 989 1016 1074 907 1148 1159 953 971 1111 1063 994 1033 1023 994 1051 999 979 1032 1040 1015 918 988 1047 1302 973 848 1067 1103 1222 1008 1181 1069 1210 1020
1164 870 1082 748 895 774 1097 1040 897 900 871 1007 898 741 962 1058 860 845 845 772 968 1011 1039 751 857 1016 974 808 913 870 941 947 796 953 1086 1026 841 1024 877 1102 1028 750 923 894 1094 909 1005 1096 947 992
1123 1011 1130 875 1057 953 1187 1309 1036 784 974 1018 1023 871 1224 1112 1011 1040 1021 948 1057 1088 1015 793 1141 952 910 1024 922 915 1060 1046 860 1063 1069 1079 995 1018 972 1209 1063 835 1125 934 1149 1091 1141 1073 1067 1086
1333 1044 1402 1040 1327 1034 1245 1557 1139 1094 1073 1076 1079 1063 1376 1308 1116 1063 1140 991 1287 1165 1130 1046 1163 1138 1078 1005 1230 1109 1123 1068 1025 1213 1202 1193 1085 975 1062 1412 1078 980 1148 1194 1181 1195 1104 1131 1192 1213
1093 967 1099 717 1015 853 1145 1162 986 839 905 894 1007 926 1064 1094 982 823 920 848 1198 1032 953 909 1008 962 993 945 878 855 951 952 858 1028 1059 1062 860 930 939 1175 992 836 880 953 1099 886 1052 915 1046 937
1493 1313 1433 1048 1373 1068 1427 1562 1272 1158 1320 1335 1215 1088 1467 1377 1364 1199 1229 1061 1396 1346 1298 1031 1281 1255 1287 1186 1330 1158 1298 1294 1092 1277 1452 1479 1148 1238 1185 1570 1302 1059 1259 1154 1419 1348 1311 1386 1395 1314
1171 997 1172 747 927 886 1143 1203 1076 914 971 1010 993 847 1098 1102 1077 915 930 770 1117 1096 964 811 1017 1010 935 927 997 921 1061 1059 803 987 1110 1158 821 1033 953 1128 1043 736 936 903 1174 974 1069 887 1141 1020
1096 954 1213 793 1044 835 1104 1254 1103 891 909 936 911 849 1116 1134 1055 969 977 819 1117 1013 1043 842 1001 951 817 890 1039 960 1056 978 818 989 1056 1131 833 960 958 1105 976 797 1017 1084 1078 1072 968 979 975 1020
1163 944 1050 852 1088 744 1206 1305 982 935 919 983 996 820 1057 1132 1045 849 1014 921 1193 1029 1094 858 1090 1134 848 933 982 985 943 1167 939 1009 1127 1116 963 991 998 1192 1047 960 976 995 1087 1065 1063 1032 1066 1082
1175 1009 1170 1013 1085 849 1276 1360 1087 969 1043 992 1049 853 1206 1158 937 1029 1111 949 1217 1158 1045 897 1078 1108 1009 942 962 1010 1056 1009 952 1156 1213 1160 975 1096 1069 1187 1058 764 1132 1098 1232 1116 1150 1144 1101 1007
932 821 1009 718 848 569 941 989 878 667 727 852 775 633 912 939 839 733 770 745 738 866 901 705 1009 777 687 810 817 786 888 740 734 837 944 938 822 852 893 966 740 667 811 843 933 879 899 931 800 765
1001 945 1108 763 915 795 1058 1041 1026 725 786 893 896 779 916 964 903 905 949 720 1008 884 1036 745 1034 807 744 797 913 785 877 867 739 971 999 1135 855 875 781 1056 945 783 984 836 1092 964 860 1046 939 935
1258 1033 1299 857 1020 927 1183 1305 1104 918 1050 1060 923 900 1133 1182 1152 997 942 882 1040 1120 1059 950 1174 1082 915 1011 907 989 1159 982 839 1113 1119 1214 987 1024 932 1170 924 862 1020 947 1211 1201 1150 1074 1125 967
896 846 941 782 905 742 980 1079 970 748 707 820 849 737 875 1024 786 851 892 828 888 946 851 739 926 830 704 746 923 714 847 747 725 952 893 976 801 863 809 885 898 645 879 786 1006 921 891 888 887 871
1275 1067 1319 978 1152 904 1327 1373 1139 947 980 1119 1078 970 1263 1373 1058 1137 1084 983 1285 1113 1157 842 1128 1100 957 943 1161 1067 1118 1079 912 1237 1201 1240 1052 1143 982 1306 1168 818 1123 1158 1243 1143 1126 1165 1130 1186
1269 1044 1391 893 1135 983 1160 1218 1063 918 1082 1155 1086 907 1301 1168 1118 971 1036 941 1143 1087 1086 881 1173 1002 1108 1048 1165 1097 1261 997 874 1052 1211 1206 1013 1079 994 1325 1010 830 1089 1087 1271 1106 1062 1187 1086 1147
1226 1014 1299 902 997 821 1331 1327 1102 818 979 1030 1062 843 1172 1209 1073 986 996 964 1176 1039 1130 873 1291 1139 997 916 1014 945 1029 1058 892 988 1153 1147 1023 1048 1089 1272 1109 908 1118 1009 1229 1176 1084 1102 1237 1056
1270 1107 1406 1024 1185 1004 1252 1321 1199 972 981 1063 1145 978 1170 1284 1130 955 1113 950 1305 1219 1206 1029 1142 1165 1042 1134 1094 1138 1248 1145 1018 1183 1236 1245 1044 1068 1109 1306 1146 872 1124 1211 1301 1146 1122 1147 1098 1126
1170 1070 1220 907 1111 947 1342 1321 1143 859 1029 1110 1080 852 1260 1131 1070 874 1084 971 1244 1239 1186 913 1136 1016 1072 1088 1054 1028 1038 1080 970 1030 1163 1205 989 1020 1048 1292 1133 906 1073 1083 1225 1035 1076 1104 1121 1139
1117 895 1217 931 1070 824 1059 1274 1090 844 950 946 940 870 1099 1141 976 929 976 950 1051 1041 1033 888 1118 1006 923 983 897 1033 996 1038 888 957 1099 1055 1009 947 933 1142 948 796 889 1029 1060 871 992 928 952 974
1250 1070 1185 953 1144 787 1218 1243 1117 871 985 934 984 920 1194 1135 1012 959 1006 922 1259 1109 1038 894 996 1087 1005 990 986 1047 1055 998 926 1088 1135 1116 885 1001 1046 1274 1049 748 1004 1030 1204 1107 1117 962 1078 1041
1327 1086 1348 984 1198 1032 1266 1402 1216 956 1199 1140 1154 897 1271 1206 1082 1061 1104 1075 1168 1356 1125 988 1173 1196 1103 1166 1074 1009 1226 1152 1065 1135 1252 1234 1051 1083 1152 1364 1084 978 1192 1110 1268 1169 1248 1236 1105 1107
1229 1051 1419 973 1148 862 1164 1408 1106 942 1006 1047 946 991 1225 1178 1091 1001 1064 859 1187 1023 1158 857 1130 982 1047 951 1168 1136 1053 1024 913 1062 1142 1188 1036 1041 962 1286 1018 853 1040 1078 1158 1122 944 1116 1103 1173
1198 1090 1228 888 1134 1011 1195 1388 1010 958 896 1061 1072 946 1205 1209 1071 890 1017 949 1102 1227 1034 980 1037 1033 1008 1114 983 1011 1038 1149 1008 1089 1107 1084 1024 1075 1017 1255 1053 821 1048 1038 1148 1068 1093 1018 1057 1103
1071 892 1252 840 884 831 1201 1261 996 846 826 964 841 801 1164 1180 1027 832 912 929 1014 1016 1097 857 1178 1068 894 970 861 882 1002 963 849 879 1007 1098 902 973 1012 1050 938 764 930 1140 1077 997 945 952 1043 940
1207 1107 1378 971 1210 940 1255 1456 1117 1048 1006 1039 999 966 1210 1212 1041 1064 1077 903 1088 1236 1156 1058 1096 1094 1139 1011 1115 1001 1095 1074 1002 1103 1215 1155 1000 942 1069 1364 1146 936 1095 1023 1244 1104 1056 1179 1241 1092
1260 1028 1300 904 1081 889 1251 1378 1107 1035 972 1049 945 967 1317 1314 977 1011 1026 871 1084 1091 1091 1007 1216 1076 1076 929 1098 1013 1031 983 987 1053 1108 1131 851 1088 1063 1277 941 841 1045 1139 1233 1160 1022 1151 1213 1093
1019 930 1144 903 982 838 1247 1265 977 872 960 950 942 819 1060 1078 1039 842 1050 854 1076 1045 1004 873 1074 1110 909 998 975 1038 989 1041 848 993 994 1157 918 942 936 1126 1033 800 960 1040 1168 1028 1056 1051 1012 942
1200 946 1101 892 1081 932 1100 1183 1082 822 884 1074 969 781 1153 1134 922 966 938 901 1018 1204 1132 863 1103 914 1036 1041 903 782 1085 962 972 1087 1218 1082 1025 1021 1034 1209 1016 896 979 936 1146 912 1106 1077 1086 1025
